-0.1718730050801339
-0.1813911561821403
-0.1913634251688971
-0.2018067467283993
-0.2127383897218623
-0.2241759439918466
-0.236137305480807
-0.2486406595846065
-0.2617044626658117
-0.2753474216521343
-0.2895884716462284
-0.3044467514742307
-0.3199415771018982
-0.336092412849083
-0.3529188403354636
-0.3704405250930713
-0.3886771807841426
-0.4076485309662502
-0.4273742683505086
-0.4478740115029525
-0.4691672589439446
-0.4912733406057012
-0.5142113666137436
-0.5380001733642876
-0.5626582668763271
-0.5882037634043861
-0.6146543273056578
-0.6420271061635662
-0.670338663178539
-0.6996049068461778
-0.7298410179527884
-0.7610613739287162
-0.7932794706107443
-0.8265078414762502
-0.8607579744237517
-0.8960402261867836
-0.932363734480981
-0.969736327997451
-1.008164434369318
-1.047652986252381
-1.088205325675317
-1.129823106829671
-1.17250619748502
-1.216252579230003
-1.261058246755546
-1.306917106412325
-1.353820874290412
-1.401758974084944
-1.450718435027625
-1.500683790179736
-1.551636975398128
-1.603557229301216
-1.656420994577353
-1.710201820992965
-1.764870270472425
-1.820393824635739
-1.876736795193719
-1.933860237613176
-1.991721868476856
-2.050275986974234
-2.109473400969608
-2.169261358103564
-2.229583482392006
-2.290379716794337
-2.351586272228093
-2.413135583511967
-2.474956272722208
-2.536973120448824
-2.599107045438079
-2.661275093105783
-2.723390433402274
-2.785362368504561
-2.847096350803529
-2.908494011644593
-2.969453201268643
-3.029868040386264
-3.089628983802286
-3.148622896489356
-3.206733142488764
-3.263839686993642
-3.319819211944509
-3.374545245439267
-3.42788830522968
-3.47971605654383
-3.529893484438984
-3.578283080852094
-3.624745046475336
-3.669137507542064
-3.711316747564338
-3.751137454016596
-3.788452979911474
-3.823115620163022
-3.85497690258009
-3.883887893278079
-3.909699516241211
-3.932262886709754
-3.951429658007527
-3.967052381364662
-3.978984878229217
-3.987082624498909
-3.991203146041276
-3.991206424807166
-3.986955314778809
-3.978315966929919
-3.965158262312089
-3.947356252318519
-3.924788605114198
-3.897339057160338
-3.864896868701091
-3.827357282022346
-3.784621981236023
-3.73659955228906
-3.683205941844629
-3.624364913634158
-3.560008500832802
-3.490077452968625
-3.414521675836709
-3.333300662854767
-3.246383916265923
-3.153751356568396
-3.055393718530401
-2.951312932132244
-2.841522486766805
-2.72604777702392
-2.604926428384786
-2.47820860115861
-2.34595727100649
-2.20824848441602
-2.06517158751593
-1.916829426651555
-1.763338519181121
-1.604829192998094
-1.441445693337367
-1.273346255482604
-1.100703142057975
-0.9237026436612101
-0.742545041674513
-0.557444532176925
-0.3686291099752
-0.1763404118701694
0.01916648161816642
0.2176232867308963
0.4187487997018835
0.6222492231627896
0.8278185360141479
1.035138906921138
1.243881151453593
1.453705232747179
1.664260805415397
1.875187802292407
2.086117063433354
2.296671006643816
2.506464338652761
2.715104805885145
2.922193983631282
3.127328102250945
3.330098908891868
3.530094563044616
3.726900564100593
3.920100708926658
4.109278077319925
4.294016043060093
4.473899308134988
4.648514957578262
4.817453532227352
4.980310116585335
5.13668543885286
5.286186980086644
5.428430089339488
5.563039101544214
5.689648454820848
5.807903803813105
5.917463125597693
6.017997814658135
6.10919376337476
6.190752424453922
6.262391851703373
6.323847715557054
6.374874289761704
6.415245405659828
6.444755370539039
6.46321984656652
6.470476686889701
6.466386725559771
6.450834518023981
6.423729029035151
6.385004264942506
6.33461984745677
6.272561526124045
6.198841626896865
6.113499434356967
6.016601505322116
5.908241911758007
5.788542411116054
5.657652542427215
5.51574964670112
5.363038810407319
5.199752731051134
5.026151504099445
4.842522330760772
4.649179146378725
4.446462169457041
4.234737371597445
4.01439586889679
3.785853235617471
3.549548741212945
3.305944512057596
3.055524619496648
2.798794096095409
2.536277882227658
2.268519705398464
1.996080894947367
1.719539135021111
1.439487158941596
1.156531388321702
0.8712905204998611
0.5843940680716142
0.2964808544920219
0.008197469906892518
-0.2798033084590612
-0.5668641268720092
-0.8523246919900163
-1.135523429341489
-1.415799158516791
-1.692492780114178
-1.96494896940433
-2.23251787161755
-2.494556793715649
-2.750431887486815
-2.999519818795646
-3.241209417833552
-3.474903305245687
-3.700019489060565
-3.915992927416362
-4.122277052164508
-4.318345248535327
-4.503692286172882
-4.677835696985361
-4.840317095413654
-4.990703436893547
-5.128588210475081
-5.253592561766196
-5.36536634258536
-5.463589083939342
-5.547970889186044
-5.618253244498178
-5.674209744010065
-5.715646727306247
-5.742403827195739
-5.754354426008569
-5.75140601895072
-5.733500483358414
-5.700614253001781
-5.652758396900186
-5.589978602425527
-5.512355062784592
-5.420002269285771
-5.313068709107929
-5.191736469598746
-5.056220750435299
-4.906769285279866
-4.743661674857533
-4.567208633668566
-4.377751152825927
-4.175659581776504
-3.96133263192164
-3.73519630539855
-3.49770275251722
-3.249329061567511
-2.990575984916687
-2.721966605508733
-2.444044948052287
-2.157374539343074
-1.862536922309788
-1.560130128497721
-1.250767113812952
-0.935074162439899
-0.613689263917963
-0.2872604684168873
0.04355577471308081
0.3780962900227491
0.7156928555837361
1.055673884071275
1.397366100271391
1.740096210026965
2.083192555708449
2.425986753382119
2.767815306953083
3.108021194679259
3.445955423587527
3.780978547471941
4.112462144317017
4.439790249164511
4.762360738629896
5.079586663474159
5.390897525845755
5.695740498026694
5.993581579744148
6.283906691344299
6.566222700366565
6.840058379303758
7.104965292585409
7.360518611077085
7.606317852646185
7.841987547604166
8.067177828095215
8.281564940760585
8.484851682266065
8.67676775753516
8.857070060783418
9.025542879696619
9.18199802333884
9.326274874613006
9.458240368326853
9.577788896139637
9.684842139879272
9.779348834925274
9.861284465548467
9.930650894284479
9.987475927593167
10.03181282022021
10.06373972082992
10.08335906161872
10.09079689474781
10.08620217854942
10.0697460165646
10.04162085256183
10.00203962476296
9.951234882569029
9.889457869130124
9.816977573143484
9.7340797532907
9.641065938739454
9.538252409137527
9.425969157516743
9.304558839503501
9.174375712199332
9.035784566051554
8.889159652979576
8.734883613958285
8.573346409185838
8.404944253880412
8.230078562658518
8.049154905348574
7.862581976985657
7.670770584620282
7.474132653453493
7.273080254685244
7.068024657332161
6.85937540613569
6.647539427543318
6.432920165602741
6.21591674946524
5.996923194047607
5.776327635254555
5.554511601014932
5.331849319236577
5.108707063636695
4.885442538257015
4.662404301327663
4.439931228999802
4.218352019325723
3.997984736726861
3.779136397055014
3.5621025932208
3.347167161236435
3.134601886396527
2.92466624920361
2.717607210531269
2.513659035411012
2.313043154726316
2.115968064001589
1.922629258383293
1.733209202825923
1.547877336418022
1.366790109711068
1.190091053849055
1.01791088023688
0.8503676094333865
0.6875667279082174
0.5296013712610872
0.3765525324688177
0.228489293696774
0.08546908019012256
-0.05246206525625441
-0.1852691887602171
-0.3129281142635152
-0.4354251164067793
-0.5527565788784341
-0.6649286397365382
-0.7719568251872994
-0.8738656732842919
-0.9706883489881848
-1.062466251998842
-1.149248618739784
-1.231092119839901
-1.308060454418766
-1.380223942440518
-1.447659116357429
-1.510448313217646
-1.568679268363278
-1.622444711794443
-1.671841968223015
-1.716972561786504
-1.757941826337977
-1.794858522172857
-1.82783445999741
-1.856984132887683
-1.88242435693115
-1.904273921187088
-1.922653247545702
-1.937684061010329
-1.949489070872288
-1.958191663193682
-1.96391560496044
-1.966784760215878
-1.966922818434279
-1.96445303534479
-1.959497986368002
-1.952179332781568
-1.942617600686583
-1.930931972803973
-1.917240093089238
-1.901657884115127
-1.884299377134979
-1.865276554704566
-1.844699205707633
-1.822674792599559
-1.799308330655013
-1.774702278978984
-1.748956443016203
-1.722167888271594
-1.694430864934156
-1.665836743078502
-1.636473958101953
-1.606427966040867
-1.575781208397494
-1.544613086098142
-1.512999942194736
-1.48101505291481
-1.448728626659827
-1.416207810547877
-1.383516704094763
-1.350716379626796
-1.317864909019292
-1.285017396356884
-1.252226016114923
-1.219540056465817
-1.187005967319558
-1.154667412714296
-1.122565327180246
-1.090737975708509
-1.059221016965527
-1.02804756940357
-0.9972482799281774
-0.9668513947943469
-0.9368828324147409
-0.9073662577750281
-0.8783231581636903
-0.8497729199360738
-0.8217329060452429
-0.7942185340849834
-0.7672433546033466
-0.7408191294581438
-0.7149559099988375
-0.6896621148722765
-0.6649446072626353
-0.6408087713887359
-0.6172585880944766
-0.5942967093805855
-0.5719245317380581
-0.5501422681555552
-0.5289490186846898
-0.5083428394583934
-0.4883208100685971
-0.4688790992199936
-0.4500130285869542
-0.4317171348105117
-0.4139852295817646
-0.3968104577671276
-0.3801853535394828
-0.3641018944874937
-0.3485515536831632
-0.3335253496950465
-0.3190138945415148
-0.3050074395849606
-0.2914959193739605
-0.2784689934460869
-0.2659160861093531
-0.2538264242251707
-0.242189073020164
-0.2309929699583283
-0.2202269567087453
-0.2098798092474408
-0.1999402661350186
-0.1903970550143795
-0.1812389173752245
-0.172454631634074
-0.1640330345803272
-0.1559630412403381

