3.474485996831353
1.773944486386803
0.5241918235827768
0.5607886296276394
0.5357054185309162
0.4037048524400534
0.410150991652718
0.3448255061364396
0.7375279938867201
1.222257260996003
3.405926704445797
4.087958708669798
10.16193993793165
7.613601277079137
2.291974171551781
2.60463397236896
22.6392838702836
4.70987287946059
226.43600028474
2.662166868195948
4.247629774848992
10.35258847063695
0.834078996649159
4.307955205775722
4.431755697726959
1011.575757689314
6.831318563032156
6.345669868211656
6.513481413143256
27.13258996776631
37.01963432209361
2.035152741122351
13.27598888237262
507.6533627240915
11.03563314390943
12.4579863552579
2.25785232734344
6.741939518668711
1.511892833464072
28.94159641752947
3.516956375910183
3.508518075181513
1.760578196939593
6.639975242604695
26.19038505931194
22.86797850064088
443.1698524333054
4.032135557468703
3.911520342078195
4.963640906910072
19.99165713359342
9.906117805587101
27.85866330851329
8.362181010887262
2.773913827790091
7.690757722977731
9.90114949811213
9.842228206520121
2.783299233089103
8.580129182545063
5.074255084511365
15.53524016203007
4.67273983269288
60.12497688263843
9.565883574090616
7.998085426222846
14.1343263815945
6.418909348800934
6.855081966472484
2.735114717310515
27.72267116669706
3.208098888915682
1.813240320460298
2.548378642059405
23.67032356346494
9.500574361645434
5.178892709075019
67.29282616127543
2.241280646476814
1.037231219979726
9.873923474708365
1.113847865219938
3.133719712141205
19.43477619801593
1003.577309138411
6.938320151346623
7.858888773988944
3.656991991042888
9.218245352568713
8.883427334926147
1.16190728088037
4.25726637414861
5.685967446286575
16.14759983806333
9.188017519069881
29.4087240569228
6.362809028978998
5.92005095881433
6.955776724596322
1.751629035791526
4.263425050921055
3.106691388678169
17.18848438836564
1.668972961065295
4.888944098822845
6.236728033548491
2.491848665438563
4.06575256382667
7.237374050195092
7.180068232894892
82.17817273407962
1.258663858681476
45.3563772289486
69.20733353029313
12.78232442332589
3.382007701898442
1.328120066699228
0.9654294784653832
3.014165730074002
8.698341520823917

