0.03478028456447646
0.03684987753513269
0.03966466124984436
0.0416750286531169
0.04368918761610985
0.04617713572224602
0.0489353658631444
0.05192288232501596
0.05484894919209182
0.05845456616953015
0.0617457227781415
0.06552582420408726
0.06899106875061989
0.07309219986200333
0.07775354757905006
0.08199986442923546
0.08548953756690025
0.0903838574886322
0.09572191908955574
0.101510725915432
0.1064990535378456
0.1124668195843697
0.1192879676818848
0.1256811618804932
0.1308133006095886
0.1379646062850952
0.145719975233078
0.1540189981460571
0.1618037521839142
0.1694896221160889
0.177588939666748
0.1864832639694214
0.1961844563484192
0.2056251168251038
0.2159181237220764
0.2265276908874512
0.2375124096870422
0.2492327466316627
0.2839769582423334
0.3059886526938427
0.2926745082810178
0.3092902963725731
0.3385629794952917
0.3561541315530951
0.3515810589026485
0.3464316639227013
0.3758452929965161
0.4085064662312362
0.3974022140649853
0.4757655366385445
0.4947125448425354
0.498501622720141
0.4995825747625627
0.5041645905862606
0.5216878211778386
0.5948919366296365
0.6549621285361162
0.6426111631427596
0.6551163627914103
0.6312042747461857
0.6931123533201884
0.7295718138154382
0.7543702111979407
0.7757639267304839
0.8396146211948974
0.8126087316417738
0.8858791700450581
0.9063604155950884
0.8891141405179042
0.9838214471315041
0.9288452909904663
1.109086104209382
0.9729225823721208
1.172797594414078
1.02167460408964
1.12425486972279
1.196326632787532
1.223025062121451
1.265960584685672
1.266617972665699
1.318033952731639
1.376871208078228
1.396889926865697
1.445402633398771
1.585127633763477
1.521694525610656
1.594399508088827
1.707480043172836
1.63334140740335
1.721301257610321
1.69476580247283
1.827798776328564
1.833640366792679
1.840611450374126
1.917386919260025
1.950488284230232
2.058963149785995
2.07867020368576
2.160885810852051
2.195954024791718
2.280864596366882
2.252364099025726
2.362485289573669
2.350339412689209
2.405566215515137
2.461325168609619
2.509175300598145
2.594141960144043
2.640554666519165
2.663399934768677
2.726986646652222
2.77429723739624
2.836264610290527
2.835501670837402
2.881496906280518
2.921648979187012
2.980440139770508
3.039578914642334
3.074339389801026
3.112098693847656
3.150696754455566
3.402611142875973
3.250070694347096
3.830501265444878
6.125481076853484
5.573326244509804
3.222050265110603
2.217647440581795
3.788591578291074
4.490672928181887
4.122694283706648
5.411527518216915
4.109761579745957
3.890051865729176
3.823073002214984
2.273143990343265
3.593947243398955
2.125145450589691
3.445783743133668
5.503019460107502
4.954195562906346
6.602156516453243
4.570638729551554
4.991609273123768
1.379836751668229
5.434276861797571
4.798963518063545
7.093957360413214
3.802073492787827
3.28483495061073
6.048507237350123
5.591272698937701
2.884056030535703
5.895116721957493
3.881476892342107
2.940270826755295
7.537238607874315
5.495704975503031
2.517666770552751
3.570220300520305
4.804684347327566
4.752360865357332
3.86273431731388
3.197499913396314
2.060662745730951
3.954868800938129
1.782660599332303
5.869897370226681
3.157387513667345
4.664382858201861
4.577774230390787
3.698337536305189
4.323737218976021
2.418136484920979
1.326040089130402
3.153224915266037
3.599488154053688
4.998658776283264
2.213530421257019
1.227682173252106
2.187056005001068
4.167848348617554
2.691823601722717
3.326860904693604
1.244852900505066
0.785381555557251
0.1453726291656494
1.63703465461731
2.564160346984863
0.7101521492004395
1.727755069732666
2.145217418670654
0.5966000556945801
1.681987762451172
0.006467819213867188
1.108874320983887
3.205684661865234
-0.1174526214599609
0.9597721099853516
-2.943872451782227
0.6661043167114258
1.67619800567627
-0.03707599639892578
-0.2001409530639648
-0.1637504105069973
1.363418780319217
4.3150748809317
5.79859110912402
2.607942754046052
1.316744388354911
8.030323951456131
9.450071832135121
2.112570915753734
1.282312817759866
1.116950661366884
0.6407104090226555
0.5828049215733211
0.9671452742012454
1.089974559131403
0.8023063463849752
0.9978326460576807
1.031469942370594
1.252193695468341
1.071029903824785
1.688498754218096
1.24352490346374
0.6830692571068021
1.7763857755796
0.9066376811909356
0.5568128757283164
1.074382594827393
1.96785108246069
1.358311028974683
2.131895798086738
0.6861440901258931
1.368950082191191
2.499258302195358
1.608009982509543
2.324884653577556
2.075147512648755
2.890097001853064
2.885780369972963
2.108689368549676
2.822790239772075
2.134084215202165
1.97621827088733
2.735746288512019
2.263382788500166
1.961203512531938
2.868535551941022
3.027050973498262
3.53266088583041
3.467233096947894
3.302471635397524
3.709503071848303
4.18743286607787
3.619200478307903
3.68254709802568
3.819540031254292
3.956879546865821
3.749602004885674
3.993602145463228
4.383456282317638
4.653125919401646
4.122501403093338
4.400952354073524
4.350865051150322
4.501577287912369
4.05160653591156
5.006163775920868
4.878738880157471
4.958832323551178
5.386392891407013
4.52286696434021
4.674893736839294
4.946589350700378
4.377153635025024
4.774525046348572
5.263252019882202
5.081387042999268
4.616422176361084
4.677392721176147
4.826614618301392
5.102631092071533
5.137812852859497
4.679727792739868
5.156180620193481
4.963872866860381
5.488984495344769
5.15022391059299
5.209085268852781
5.028431378382902
5.170509962005871
5.164835606648578
5.060444505027226
4.878505006256819
4.873450396807377
4.911851469191278
4.845450601424959
4.806662423600624
4.62370132650607
4.569704432183263
4.590550778414028
4.454843995942245
4.348328684233667
4.235671914220535
4.053908272818639
4.110797522473291
4.159145454815324
4.153252548006307
4.053128660408078
3.983487328764681
3.702651673330365
3.212866177425667
3.342975875661978
3.188951199708754
3.217580970371273
3.173214625150649
3.31403089372543
2.873808418204135
2.946631873870501
2.63249491188617
2.647558302531252
2.576509901147801
2.47396101965569
2.358770041260868
2.136736818822101
2.097487397957593
2.099652952048928
1.998512230813503
1.807749336585402
1.57568671554327
1.603210940957069
1.550796702504158
1.451898582279682
1.536950170993805
1.173888444900513
0.970331072807312
0.9239045977592468
0.9582449793815613
0.674021303653717
0.5523874759674072
0.4120445251464844
0.399846076965332
0.2980489730834961
0.2816653251647949
0.09339809417724609
0.15753173828125
0.05921077728271484
-0.09502315521240234
-0.1366252899169922
-0.08360099792480469
-0.3633174896240234
-0.43878173828125
-0.4827308654785156
-0.5458564758300781
-0.5427742004394531
-0.6345329284667969
-0.6409530639648438
-0.6512069702148438
-0.8073577880859375
-0.7443161010742188
-0.8791580200195314
-0.9052810668945312
-0.9284362792968751
-1.034187316894531
-1.053611755371094
-1.053619384765625
-1.103111267089844
-1.152191162109375
-1.19998369477338
-1.19948794394958
-1.193503739631456
-1.279955501315745
-1.445183381495561
-1.440606170454044
-1.294973779381065
-1.271259220030069
-1.31141479534671
-1.324834550539924
-1.33768402956373
-1.352995882757684
-1.355003902284237
-1.373496603836698
-1.355487484338355
-1.354662516563075
-1.364524415814296
-1.353357724411928
-1.317564617939933
-1.313490131025771
-1.341802696736544
-1.325748728400908
-1.332074445054876
-1.312695981699187
-1.311091311755197
-1.329692431480382
-1.286815653058774
-1.267234466975168
-1.231885930532655
-1.211569339870209
-1.191820793783791
-1.19852710038208
-1.157924962531979
-1.163318737354075
-1.07102816632414
-1.089837574030753
-1.095486981383146
-1.071639690104348
-1.032547512382735
-1.061595128470799
-1.039819283701945
-1.030097776849288
-1.003481941181235
-0.8846656592795625
-0.9087762853596359
-0.9410565630532801
-0.8456260371021926
-0.783968310803175
-0.832493968307972
-0.7561094872653484
-0.8245799671858549
-0.8276547342538834
-0.6949166655540466
-0.7552488818764687
-0.7707123309373856
-0.7654286921024323
-0.6357775628566742
-0.614793449640274
-0.7045289874076843
-0.5798844695091248
-0.6001626253128052
-0.7136012315750122
-0.4349875450134277
-0.5250777006149292
-0.5144679546356201
-0.4253082275390625
-0.589493989944458
-0.5209813117980957
-0.5173969268798828
-0.4711165428161621
-0.5329060554504395
-0.5091495513916016
-0.4187383651733398
-0.4241657257080078
-0.3844547271728516
-0.327061653137207
-0.3303108215332031
-0.3523006439208984
-0.2930669784545898
-0.2916812896728516
-0.2719755172729492
-0.2756204605102539
-0.3309354782104492
-0.2893177318517401
-0.2619430876052145
-0.32390105489305
-0.4612081773261056
-0.5135233185059899
-0.2935113281343751
-0.2527765412188182
-0.4894980952076109
-0.3911638533184252
-0.1898962657778678
-0.1780074512694971
-0.1682023572275564
-0.1628183415892268
-0.1579032921797827
-0.1515629882406913
-0.1475955878783708
-0.1396250898705205
-0.126929445387205
-0.1304987264349222
-0.109088600975781
-0.1084359738736111
-0.1106234449640624
-0.09861767522602349
-0.09173694702212742
-0.08491702897026698
-0.08498508181673969
-0.08116703384075663
-0.08758386696717935
-0.07527685846434906
-0.07277284598967526
-0.06302794070506934
-0.06000475760083646
-0.0680873854435049
-0.05767844407819211
-0.05776024464285001
-0.05133061832748353
-0.03298398992046714
-0.05253047193400562
-0.04561955528333783
-0.05175064038485289
-0.05057368241250515
-0.04124992806464434
-0.03049676306545734
-0.04218547977507114
-0.02831158228218555
-0.03005539998412132
-0.02492029219865799

