0.03457400387298087
0.03669840013247919
0.03894007236458621
0.04130459310466789
0.0437977413850618
0.04642550673423492
0.04919409301069184
0.05210992205102785
0.05517963711062147
0.05841010607456529
0.06180842441554518
0.06538191787450674
0.0691381448390815
0.07308489839391465
0.07723020801621454
0.08158234088906077
0.08614980280425535
0.09094133862578713
0.09596593228430836
0.1012328062724005
0.1067514206098413
0.1125314712475739
0.1185828878786406
0.1249158311239676
0.1315406890606023
0.1384680730597879
0.1457088129021422
0.1532739511371883
0.1611747366545551
0.1694226174343646
0.1780292324446072
0.1870064026537538
0.196366121127383
0.2061205421782927
0.2162819695404002
0.2268628435376843
0.2378757272205646
0.2493332914433675
0.2612482988579913
0.2736335868004692
0.286502049048913
0.2998666164332692
0.3137402362794572
0.3281358506727601
0.3430663735278491
0.3585446664554968
0.3745835134189216
0.3911955941757591
0.4083934565049188
0.4261894872210283
0.4445958819828044
0.4636246139055098
0.4832874009916592
0.5035956723983386
0.5245605335638563
0.5461927302209783
0.5685026113287202
0.591500090959505
0.6151946091835233
0.639595091997281
0.6647099103485734
0.6905468383155746
0.7171130105031694
0.7444148787253175
0.7724581680478514
0.8012478322718906
0.8307880089438159
0.8610819739835315
0.8921320960286064
0.9239397905976449
0.9565054741820002
0.9898285183806901
1.023907204198981
1.058738676636626
1.094318899697162
1.130642611954909
1.167703282821385
1.205493069657693
1.244002775884098
1.283221810242323
1.323138147370224
1.363738289852209
1.405007231912188
1.446928424918892
1.489483744875963
1.53265346207147
1.576416213063191
1.620748975177225
1.665627043698242
1.711024011929825
1.756911754302968
1.803260412709772
1.850038386237794
1.897212324478196
1.944747124577982
1.992605932202907
2.040750146573432
2.089139429730998
2.137731720186161
2.186483251093652
2.235348573092101
2.284280581938285
2.333230551056833
2.382148169116914
2.43098158273707
2.479677444408336
2.528180965713951
2.576435975911485
2.624384985929857
2.671969257819829
2.719128879681865
2.76580284607991
2.811929143933731
2.857444843865901
2.902286196962331
2.946388736887727
2.989687387279073
3.032116574321806
3.073610344394283
3.11410248664691
3.153526660362697
3.191816526926206
3.228905886207899
3.264728817150866
3.299219822326769
3.332313976207904
3.363947076882258
3.394055800918819
3.422577861070851
3.44945216648583
3.474618985072002
3.498020107653386
3.519599013527507
3.53930103702318
3.557073534639646
3.572866052332955
3.586630492501237
3.598321280207061
3.607895528162908
3.615313199994577
3.620537271287608
3.623533887913174
3.624272521122812
3.622726118895637
3.618871253017583
3.612688261369543
3.604161384900485
3.59327889876227
3.580033237085481
3.564421110879854
3.546443618549018
3.526106348517252
3.503419473475796
3.478397835768034
3.451061023446523
3.421433436550411
3.389544343169269
3.355427924878775
3.319123311154914
3.280674602396498
3.240130881210749
3.19754621164339
3.152979626063166
3.106495099440783
3.058161510794041
3.008052591604141
2.956246861042853
2.902827547886352
2.847882499028787
2.791504074547203
2.733789029308938
2.67483838115314
2.614757265719291
2.553654778037646
2.491643801038986
2.428840821183976
2.365365731455724
2.301341622002257
2.236894558759065
2.172153350424787
2.107249304205942
2.042315970788665
1.977488879037082
1.912905260958478
1.848703767515262
1.785024175902069
1.722007088943701
1.659793627305234
1.598525115239721
1.538342760631235
1.479387330121357
1.421798820135499
1.365716124651528
1.311276700576891
1.258616231621705
1.207868291573976
1.159164007899038
1.112631726598554
1.068396679274709
1.026580653352536
0.9873016664176535
0.9506736456278829
0.9168061131552794
0.8858038786099651
0.85776673938884
0.83278918988068
0.8109601404443263
0.7923626470586868
0.7770736525220657
0.7651637400539906
0.7566969001252304
0.7517303113112054
0.7503141359304959
0.752491331193791
0.7582974765494466
0.7677606178699913
0.7809011290794984
0.7977315917749301
0.8182566933454185
0.8424731440422313
0.8703696133989143
0.9019266863461314
0.9371168393090563
0.9759044365171434
1.018245746696772
1.064088980256999
1.113374347017451
1.166034134465648
1.221992806468926
1.281167122303756
1.343466275802997
1.40879205435958
1.477039017463638
1.548094694389214
1.621839800586867
1.698148472279679
1.776888518702908
1.857921691371649
1.94110396970688
2.026285862298316
2.113312723032538
2.202025081267475
2.292258985189286
2.383846357445543
2.47661536210914
2.570390781991068
2.664994405286897
2.760245420511955
2.855960818653557
2.951955801445539
3.048044194650948
3.14403886522273
3.239752141200206
3.33499623319056
3.429583656280092
3.523327651218916
3.616042603725886
3.707544460767066
3.797651142671659
3.88618294996337
3.97296296380295
4.057817438959175
4.14057618825023
4.221072957425876
4.29914578949221
4.374637377515684
4.447395404980687
4.51727287281572
4.584128412246502
4.647826582680361
4.708238153874541
4.76524037169159
4.818717206797638
4.868559585713648
4.914665603685835
4.956940718898776
4.995297927613428
5.029657919871816
5.059949215470581
5.086108279966424
5.108079620537826
5.125815861588737
5.13927780004113
5.14843444032439
5.153263009129756
5.153748950057786
5.149885898345498
5.141675635917368
5.129128027060665
5.112260935080199
5.091100120340681
5.065679120155901
5.036039111033122
5.002228753827956
4.964304022409578
4.922328016478325
4.876370759217202
4.826508980495828
4.772825886379326
4.715410915726001
4.654359484685916
4.589772719937796
4.521757181523946
4.450424576162001
4.375891461928517
4.298278945222201
4.217712370924504
4.134321006682015
4.048237722238669
3.959598664746427
3.868542930980552
3.775212237380388
3.679750588828123
3.582303947067035
3.483019899646893
3.38204733026781
3.279536091374835
3.175636679834229
3.07049991649876
2.96427663044348
2.85711734862556
2.749171991692004
2.640589576627584
2.531517926902014
2.422103390740904
2.312490568108938
2.202822046956745
2.093238149244529
1.983876687216771
1.874872730362367
1.76635838345445
1.658462576023278
1.551310863574751
1.445025240826062
1.339723967188822
1.235521404689425
1.132527868475609
1.030849490018388
0.9305880930788248
0.8318410824705236
0.7347013456106319
0.6392571668152449
0.5455921542590256
0.4537851794841914
0.3639103293101953
0.276036869963372
0.1902292232148284
0.1065469542854656
0.02504477124918969
-0.05422746436102654
-0.1312247160640019
-0.2059067404011503
-0.2782380447312702
-0.3481878352329866
-0.4157299555162473
-0.4808428162602612
-0.5435093163094868
-0.6037167556716367
-0.6614567408724654
-0.7167250831309038
-0.7695216898253068
-0.8198504497271233
-0.8677191124820025
-0.9131391628205967
-0.9561256899818713
-0.9966972528306974
-1.034875741149187
-1.070686233577142
-1.10415685267183
-1.135318617550653
-1.164205294572396
-1.19085324650375
-1.215301280607561
-1.237590496078173
-1.257764131236925
-1.275867410887903
-1.291947394220085
-1.306052823627418
-1.318233974803061
-1.328542508448083
-1.337031323918575
-1.343754415118182
-1.348766728925907
-1.352124026431446
-1.353882747232635
-1.354099877031606
-1.352832818748296
-1.350139267351906
-1.346077088592937
-1.340704201800512
-1.334078466891997
-1.326257575724355
-1.317298947899482
-1.307259631118736
-1.296196206165362
-1.28416469657724
-1.271220483056712
-1.257418222648894
-1.242811772705175
-1.227454119634315
-1.211397312429943
-1.194692400950178
-1.177389378912586
-1.159537131555918
-1.141183387908853
-1.122374677595404
-1.103156292096845
-1.083572250380705
-1.063665268798948
-1.043476735149495
-1.023046686788104
-1.002413792671073
-0.9816153392033447
-0.9606872197613876
-0.9396639277555995
-0.9185785530930485
-0.8974627818980081
-0.8763468993449451
-0.8552597954564795
-0.8342289737171833
-0.8132805623529997
-0.792439328125497
-0.7717286924900733
-0.7511707499676683
-0.730786288580308
-0.7105948122021458
-0.6906145646792791
-0.6708625555736847
-0.651354587388999
-0.6321052841385781
-0.6131281211193125
-0.5944354557579207
-0.5760385594000248
-0.5579476499160565
-0.5401719250020224
-0.5227195960572888
-0.5055979225258728
-0.4888132465921327
-0.4723710281263397
-0.456275879780197
-0.4405316021371303
-0.4251412188269061
-0.4101070115189244
-0.3954305547133525
-0.3811127502540456
-0.3671538614920136
-0.3535535470329027
-0.3403108940066988
-0.327424450802473
-0.3148922592155687
-0.3027118859591024
-0.2908804534960359
-0.2793946701523665
-0.2682508594761275
-0.2574449888109568
-0.2469726970568926
-0.236829321594844
-0.2270099243548234
-0.2175093170115263
-0.20832208529419
-0.1994426124008785
-0.1908651015103634
-0.182583597387686
-0.174592007082215
-0.1668841197195996
-0.1594536253914446
-0.1522941331488103
-0.1453991881077717
-0.1387622876772233
-0.1323768969209618
-0.1262364630677449
-0.1203344291845636
-0.1146642470297655
-0.1092193891039215
-0.1039933599174712
-0.09897970649517202
-0.09417202813826683
-0.08956398546604893
-0.08514930875914598
-0.0809218056273921
-0.07687536802559287
-0.0730039786408252
-0.06930171667516632
-0.06576276304789426
-0.06238140504128508
-0.05915204041412293
-0.05606918100696451
-0.05312745586305163
-0.05032161388855817
-0.04764652607559258
-0.04509718731104846
-0.04266871779403422
-0.04035636408419144
-0.03815549980275632
-0.03606162600772925
-0.0340703712639887
-0.03217749142863816
-0.03037886917129022
-0.02867051324840175
-0.02704855755015024

