0.08068969199999999
0.000833049
0.000556629
0.001105761
0.0006166360000000001
0.000969309
0.001092956
0.000955147
0.001437944
0.000815279
0.001877948
0.000918333
0.002238371
0.001169035
0.002715132
0.002240615
0.003264259
0.002226087
0.002093311
0.002584263
0.002841805
0.002516024
0.003143674
0.002975203
0.003245517
0.003215785
0.004071659
0.040273329
0.006718233
0.058816793
0.006322157
0.005256776
0.007894309
0.00802636
0.009085325999999999
0.007408305
0.004786057
0.004584201
0.004568304
0.004305043
0.005120859
0.00556667
0.004883031
0.005720576
0.005627612
0.005616887
0.005835817
0.005996142
0.007085055
0.007701156
0.007393447
0.007616815
0.00740279
0.007335497
0.009074145
0.008695303999999999
0.006789519
0.006769035
0.006950684
0.006939474
0.00723934
0.008815175
0.008282674
0.00809091
0.007794041
0.008021288999999999
0.008039239
0.008451442
0.007643114
0.009183462999999999
0.008390656999999999
0.008573114999999999
0.009182416000000001
0.010162191
0.008819284
0.010059462
0.007986877
0.008290587
0.008744254
0.009387126000000001
0.009359759
0.009415834
0.010284702
0.011440311
0.009923002
0.010645866
0.011042505
0.011539437
0.010965326
0.011379068
0.011748489
0.010909213
0.011992212
0.013288608
0.01139673
0.01322935
0.010666133
0.012124589
0.012203254
0.011968306
0.011307195
0.011999724
0.011552299
0.01202131
0.012333427
0.013058724
0.011975245
0.013636487
0.012825871
0.014163082
0.014572193
0.014552381
0.013572034
0.014972125
0.014721173
0.015295215
0.013723701
0.013620427
0.013784824
0.013727455

