0.000694515
0.000820286
0.000864066
0.0005938850000000001
0.000672749
0.000664373
0.000709747
0.000764547
0.000812424
0.000949571
0.000907445
0.000953475
0.001029519
0.001057897
0.001134267
0.001171616
0.001196947
0.001243639
0.001320511
0.00134205
0.001410593
0.001457782
0.001486271
0.001539403
0.00158352
0.001622802
0.001716806
0.002913688
0.001806224
0.001985622
0.001970893
0.001967136
0.002028559
0.002065929
0.002103841
0.002170752
0.001150968
0.001198107
0.001170903
0.001217504
0.001225185
0.00132172
0.001259371
0.00128479
0.001335077
0.001370766
0.001326392
0.001390972
0.001416042
0.001433211
0.001418215
0.001467347
0.001518724
0.001516963
0.001512003
0.001553044
0.001237697
0.001247289
0.001256111
0.001318772
0.001288213
0.001328004
0.001347177
0.001363965
0.001349397
0.001392952
0.001384872
0.001439674
0.00139849
0.001447712
0.001427318
0.00150801
0.001491164
0.001525528
0.001487741
0.001525666
0.001282571
0.001297092
0.001296583
0.001311495
0.001322043
0.001350009
0.001387703
0.001392817
0.001374568
0.001413274
0.00138728
0.001434798
0.001464886
0.00145298
0.001489789
0.001448157
0.001462048
0.001486138
0.001494709
0.001544443
0.001331164
0.001328525
0.001320074
0.001354496
0.001341289
0.001384955
0.001375511
0.001417268
0.001401649
0.001399784
0.001400376
0.001452062
0.001422104
0.001443516
0.001462866
0.001476469
0.00148029
0.001496223
0.001484893
0.001523861
0.0013378
0.001373671
0.00135812
0.001345855

